區域,候選人,職務,個人捐贈收入,營利事業捐贈收入,政黨捐贈收入,人民團體捐贈收入,匿名捐贈收入,其他收入,超過三萬元之收入合計,金錢收入總額,收入合計,非金錢收入總額,人事費用支出,宣傳支出,租用宣傳車輛支出,租用競選辦事處支出,集會支出,交通旅運支出,雜支支出,返還捐贈支出,繳庫支出,專戶存款結存金額,公共關係費用支出,支出合計,超過三萬元之支出合計,收支結存金額,金錢以外之賸餘財產,結算日期,申報日期,更正日期
臺北市 ,吳武明 ,None,46200.0,0.0,0.0,0.0,0.0,0.0,0.0,0.0,46200.0,None,0.0,None,648400.0,0.0,0.0,18300.0,0.0,2000165.0,0.0,0.0,46035.0,0.0,2666865.0,2648400.0,-2620665.0,0.0,20101126,None,None
臺北市 ,吳武明 ,None,46200.0,0.0,0.0,0.0,0.0,0.0,0.0,0.0,46200.0,None,0.0,None,648400.0,0.0,0.0,18300.0,0.0,2000165.0,0.0,0.0,46035.0,0.0,2666865.0,2648400.0,-2620665.0,0.0,20101126,None,None
臺北市 ,吳武明 ,None,46200.0,0.0,0.0,0.0,0.0,0.0,0.0,0.0,46200.0,None,0.0,None,648400.0,0.0,0.0,18300.0,0.0,2000165.0,0.0,0.0,46035.0,0.0,2666865.0,2648400.0,-2620665.0,0.0,20101126,None,None
臺北市 ,吳武明 ,None,46200.0,0.0,0.0,0.0,0.0,0.0,0.0,0.0,46200.0,None,0.0,None,648400.0,0.0,0.0,18300.0,0.0,2000165.0,0.0,0.0,46035.0,0.0,2666865.0,2648400.0,-2620665.0,0.0,20101126,None,None
臺北市 ,吳武明 ,None,46200.0,0.0,0.0,0.0,0.0,0.0,0.0,0.0,46200.0,None,0.0,None,648400.0,0.0,0.0,18300.0,0.0,2000165.0,0.0,0.0,46035.0,0.0,2666865.0,2648400.0,-2620665.0,0.0,20101126,None,None
臺北市 ,吳武明 ,None,46200.0,0.0,0.0,0.0,0.0,0.0,0.0,0.0,46200.0,None,0.0,None,648400.0,0.0,0.0,18300.0,0.0,2000165.0,0.0,0.0,46035.0,0.0,2666865.0,2648400.0,-2620665.0,0.0,20101126,None,None
臺北市 ,吳武明 ,None,46200.0,0.0,0.0,0.0,0.0,0.0,0.0,0.0,46200.0,None,0.0,None,648400.0,0.0,0.0,18300.0,0.0,2000165.0,0.0,0.0,46035.0,0.0,2666865.0,2648400.0,-2620665.0,0.0,20101126,None,None
臺北市 ,吳武明 ,None,46200.0,0.0,0.0,0.0,0.0,0.0,0.0,0.0,46200.0,None,0.0,None,648400.0,0.0,0.0,18300.0,0.0,2000165.0,0.0,0.0,46035.0,0.0,2666865.0,2648400.0,-2620665.0,0.0,20101126,None,None
臺北市 ,吳武明 ,None,46200.0,0.0,0.0,0.0,0.0,0.0,0.0,0.0,46200.0,None,0.0,None,648400.0,0.0,0.0,18300.0,0.0,2000165.0,0.0,0.0,46035.0,0.0,2666865.0,2648400.0,-2620665.0,0.0,20101126,None,None
臺北市 ,吳武明 ,None,46200.0,0.0,0.0,0.0,0.0,0.0,0.0,0.0,46200.0,None,0.0,None,648400.0,0.0,0.0,18300.0,0.0,2000165.0,0.0,0.0,46035.0,0.0,2666865.0,2648400.0,-2620665.0,0.0,20101126,None,None
臺北市 ,吳武明 ,None,46200.0,0.0,0.0,0.0,0.0,0.0,0.0,0.0,46200.0,None,0.0,None,648400.0,0.0,0.0,18300.0,0.0,2000165.0,0.0,0.0,46035.0,0.0,2666865.0,2648400.0,-2620665.0,0.0,20101126,None,None
臺北市 ,吳武明 ,None,46200.0,0.0,0.0,0.0,0.0,0.0,0.0,0.0,46200.0,None,0.0,None,648400.0,0.0,0.0,18300.0,0.0,2000165.0,0.0,0.0,46035.0,0.0,2666865.0,2648400.0,-2620665.0,0.0,20101126,None,None
臺北市 ,吳武明 ,None,46200.0,0.0,0.0,0.0,0.0,0.0,0.0,0.0,46200.0,None,0.0,None,648400.0,0.0,0.0,18300.0,0.0,2000165.0,0.0,0.0,46035.0,0.0,2666865.0,2648400.0,-2620665.0,0.0,20101126,None,None
臺北市 ,吳武明 ,None,46200.0,0.0,0.0,0.0,0.0,0.0,0.0,0.0,46200.0,None,0.0,None,648400.0,0.0,0.0,18300.0,0.0,2000165.0,0.0,0.0,46035.0,0.0,2666865.0,2648400.0,-2620665.0,0.0,20101126,None,None
臺北市 ,吳武明 ,None,46200.0,0.0,0.0,0.0,0.0,0.0,0.0,0.0,46200.0,None,0.0,None,648400.0,0.0,0.0,18300.0,0.0,2000165.0,0.0,0.0,46035.0,0.0,2666865.0,2648400.0,-2620665.0,0.0,20101126,None,None
臺北市 ,吳武明 ,None,46200.0,0.0,0.0,0.0,0.0,0.0,0.0,0.0,46200.0,None,0.0,None,648400.0,0.0,0.0,18300.0,0.0,2000165.0,0.0,0.0,46035.0,0.0,2666865.0,2648400.0,-2620665.0,0.0,20101126,None,None
臺北市 ,吳武明 ,None,46200.0,0.0,0.0,0.0,0.0,0.0,0.0,0.0,46200.0,None,0.0,None,648400.0,0.0,0.0,18300.0,0.0,2000165.0,0.0,0.0,46035.0,0.0,2666865.0,2648400.0,-2620665.0,0.0,20101126,None,None
臺北市 ,吳武明 ,None,46200.0,0.0,0.0,0.0,0.0,0.0,0.0,0.0,46200.0,None,0.0,None,648400.0,0.0,0.0,18300.0,0.0,2000165.0,0.0,0.0,46035.0,0.0,2666865.0,2648400.0,-2620665.0,0.0,20101126,None,None
臺北市 ,吳武明 ,None,46200.0,0.0,0.0,0.0,0.0,0.0,0.0,0.0,46200.0,None,0.0,None,648400.0,0.0,0.0,18300.0,0.0,2000165.0,0.0,0.0,46035.0,0.0,2666865.0,2648400.0,-2620665.0,0.0,20101126,None,None
臺北市 ,吳武明 ,None,46200.0,0.0,0.0,0.0,0.0,0.0,0.0,0.0,46200.0,None,0.0,None,648400.0,0.0,0.0,18300.0,0.0,2000165.0,0.0,0.0,46035.0,0.0,2666865.0,2648400.0,-2620665.0,0.0,20101126,None,None
臺北市 ,吳武明 ,None,46200.0,0.0,0.0,0.0,0.0,0.0,0.0,0.0,46200.0,None,0.0,None,648400.0,0.0,0.0,18300.0,0.0,2000165.0,0.0,0.0,46035.0,0.0,2666865.0,2648400.0,-2620665.0,0.0,20101126,None,None
臺北市 ,吳武明 ,None,46200.0,0.0,0.0,0.0,0.0,0.0,0.0,0.0,46200.0,None,0.0,None,648400.0,0.0,0.0,18300.0,0.0,2000165.0,0.0,0.0,46035.0,0.0,2666865.0,2648400.0,-2620665.0,0.0,20101126,None,None
臺北市 ,吳武明 ,None,46200.0,0.0,0.0,0.0,0.0,0.0,0.0,0.0,46200.0,None,0.0,None,648400.0,0.0,0.0,18300.0,0.0,2000165.0,0.0,0.0,46035.0,0.0,2666865.0,2648400.0,-2620665.0,0.0,20101126,None,None
臺北市 ,吳武明 ,None,46200.0,0.0,0.0,0.0,0.0,0.0,0.0,0.0,46200.0,None,0.0,None,648400.0,0.0,0.0,18300.0,0.0,2000165.0,0.0,0.0,46035.0,0.0,2666865.0,2648400.0,-2620665.0,0.0,20101126,None,None
臺北市 ,吳武明 ,None,46200.0,0.0,0.0,0.0,0.0,0.0,0.0,0.0,46200.0,None,0.0,None,648400.0,0.0,0.0,18300.0,0.0,2000165.0,0.0,0.0,46035.0,0.0,2666865.0,2648400.0,-2620665.0,0.0,20101126,None,None
